RCC_CR (clock control register)

|31|30|29|28|27|26|25|24|23|22|21|20|19|18|17|16|15|14|13|12|11|10| 9| 8| 7| 6| 5| 4| 3| 2| 1| 0|
| x| x| x| x| x| x| .| 1| x| x| x| x| 0| 0| 0| 0| x| x| x| x| x| x| x| x| 1| 0| 0| 0| 0| 0| 0| 1|

RCC_CFGR (clock configuration register)

|31|30|29|28|27|26|25|24|23|22|21|20|19|18|17|16|15|14|13|12|11|10| 9| 8| 7| 6| 5| 4| 3| 2| 1| 0|
| 0| 0| 0| 0| 0| 0| 0| 0| 0| 0| 1| 0| 1| 0| 0| 0| 1| 0| 0| 0| 0| 0| x| x| 0| x| x| x| 0| 0| 0| 1|

RCC_CFGR2 (clock configuration register 2)

|31|30|29|28|27|26|25|24|23|22|21|20|19|18|17|16|15|14|13|12|11|10| 9| 8| 7| 6| 5| 4| 3| 2| 1| 0|
| x| x| x| x| x| x| x| x| x| x| x| x| x| x| x| x| x| x| x| x| x| x| x| x| x| x| x| x| 0| 0| 0| 1|

FLASH_ACR (flash access control register)

|31|30|29|28|27|26|25|24|23|22|21|20|19|18|17|16|15|14|13|12|11|10| 9| 8| 7| 6| 5| 4| 3| 2| 1| 0|
| 0| 0| 0| 0| 0| 0| 0| 0| 0| 0| 0| 0| 0| 0| 0| 0| 0| 0| 0| 0| 0| 0| 0| 0| 0| 0| 0| 0| 0| 0| 0| 1|